%PDF-1.7

1 0 obj
  << >>
endobj

2 0 obj
  << /Length 3 0 R >>
stream
/DeviceRGB CS
/DeviceRGB cs
q
1.000000 0.000000 -0.000000 1.000000 12.000000 2.000000 cm
0.000000 0.000000 0.000000 scn
8.117647 3.857143 m
6.000000 3.857143 l
5.647059 5.142857 4.500000 6.000000 3.088235 6.000000 c
1.411765 6.000000 0.000000 4.628572 0.000000 3.000000 c
0.000000 1.371428 1.411765 0.000000 3.088235 0.000000 c
4.500000 0.000000 5.647059 0.857143 6.000000 2.142857 c
8.117647 2.142857 l
8.647058 2.142857 9.000000 2.571429 9.000000 3.000000 c
9.000000 3.514286 8.647058 3.857143 8.117647 3.857143 c
h
3.088235 1.714286 m
2.382353 1.714286 1.764706 2.314286 1.764706 3.000000 c
1.764706 3.685714 2.382353 4.285714 3.088235 4.285714 c
3.794118 4.285714 4.411765 3.685714 4.411765 3.000000 c
4.411765 2.314286 3.794118 1.714286 3.088235 1.714286 c
h
f
n
Q
q
1.000000 0.000000 -0.000000 1.000000 3.000000 4.000000 cm
0.000000 0.000000 0.000000 scn
7.148936 2.000000 m
0.851064 2.000000 l
0.340425 2.000000 0.000000 1.500000 0.000000 1.000000 c
0.000000 0.400000 0.425532 0.000000 0.851064 0.000000 c
7.148936 0.000000 l
7.659575 0.000000 8.000000 0.500000 8.000000 1.000000 c
8.000000 1.600000 7.574468 2.000000 7.148936 2.000000 c
h
f
n
Q
q
1.000000 0.000000 -0.000000 1.000000 3.000000 18.000000 cm
0.000000 0.000000 0.000000 scn
0.851064 0.000000 m
7.148936 0.000000 l
7.659575 0.000000 8.000000 0.500000 8.000000 1.000000 c
8.000000 1.500000 7.574468 2.000000 7.148936 2.000000 c
0.851064 2.000000 l
0.340425 2.000000 0.000000 1.500000 0.000000 1.000000 c
0.000000 0.500000 0.425532 0.000000 0.851064 0.000000 c
h
f
n
Q
q
1.000000 0.000000 -0.000000 1.000000 12.000000 16.000000 cm
0.000000 0.000000 0.000000 scn
3.088235 0.000000 m
4.500000 0.000000 5.647059 0.857143 6.000000 2.142857 c
8.117647 2.142857 l
8.647058 2.142857 9.000000 2.571429 9.000000 3.000000 c
9.000000 3.428571 8.558824 3.857143 8.117647 3.857143 c
6.000000 3.857143 l
5.647059 5.142857 4.500000 6.000000 3.088235 6.000000 c
1.411765 6.000000 0.000000 4.628572 0.000000 3.000000 c
0.000000 1.371428 1.411765 0.000000 3.088235 0.000000 c
h
3.088235 4.285714 m
3.794118 4.285714 4.411765 3.685714 4.411765 3.000000 c
4.411765 2.314286 3.794118 1.714286 3.088235 1.714286 c
2.382353 1.714286 1.764706 2.314286 1.764706 3.000000 c
1.764706 3.685714 2.382353 4.285714 3.088235 4.285714 c
h
f
n
Q
q
1.000000 0.000000 -0.000000 1.000000 3.000000 9.000000 cm
0.000000 0.000000 0.000000 scn
0.882353 2.142857 m
3.000000 2.142857 l
3.352941 0.942857 4.500000 0.000000 5.911765 0.000000 c
7.588235 0.000000 9.000000 1.371428 9.000000 3.000000 c
9.000000 4.628572 7.588235 6.000000 5.911765 6.000000 c
4.500000 6.000000 3.352941 5.142857 3.000000 3.857143 c
0.882353 3.857143 l
0.352941 3.857143 0.000000 3.428571 0.000000 3.000000 c
0.000000 2.571429 0.441176 2.142857 0.882353 2.142857 c
h
5.911765 4.285714 m
6.617647 4.285714 7.235294 3.685714 7.235294 3.000000 c
7.235294 2.314286 6.617647 1.714286 5.911765 1.714286 c
5.205882 1.714286 4.588235 2.314286 4.588235 3.000000 c
4.588235 3.685714 5.205882 4.285714 5.911765 4.285714 c
h
f
n
Q
q
1.000000 0.000000 -0.000000 1.000000 13.000000 11.000000 cm
0.000000 0.000000 0.000000 scn
7.139785 2.000000 m
0.860215 2.000000 l
0.344086 2.000000 0.000000 1.500000 0.000000 1.000000 c
0.000000 0.500000 0.430108 0.000000 0.860215 0.000000 c
7.139785 0.000000 l
7.655914 0.000000 8.000000 0.500000 8.000000 1.000000 c
8.000000 1.500000 7.655914 2.000000 7.139785 2.000000 c
h
f
n
Q

endstream
endobj

3 0 obj
  3406
endobj

4 0 obj
  << /Annots []
     /Type /Page
     /MediaBox [ 0.000000 0.000000 24.000000 24.000000 ]
     /Resources 1 0 R
     /Contents 2 0 R
     /Parent 5 0 R
  >>
endobj

5 0 obj
  << /Kids [ 4 0 R ]
     /Count 1
     /Type /Pages
  >>
endobj

6 0 obj
  << /Pages 5 0 R
     /Type /Catalog
  >>
endobj

xref
0 7
0000000000 65535 f
0000000010 00000 n
0000000034 00000 n
0000003496 00000 n
0000003519 00000 n
0000003692 00000 n
0000003766 00000 n
trailer
<< /ID [ (some) (id) ]
   /Root 6 0 R
   /Size 7
>>
startxref
3825
%%EOF